Starting log at 2021-01-28 10:46:28.279967

{
	Count : 22
	Time : 0:00:00.236021
	TotalInstance : 32
	Instance : 22
	Injected : [[3.05495392e+02 8.49236145e+01 0.00000000e+00 1.74801331e+02
  1.40051699e+00 6.81245117e+01 3.00974548e+02 2.93365997e+02
  6.78206711e+01 0.00000000e+00 0.00000000e+00 0.00000000e+00
  4.83857574e+01 0.00000000e+00 3.28648041e+02 5.56913872e+01
  3.10438202e+02 4.11404228e+01 3.28672119e+02 1.83157730e+02
  1.47680222e+02 3.10404327e+02 1.81569000e+02 0.00000000e+00
  0.00000000e+00 8.10785034e+02 0.00000000e+00 4.74909477e+01
  4.96813141e+02 3.68276825e+02 0.00000000e+00 1.27176674e+02
  3.39253571e+02 1.46927689e+02 2.27534454e+02 0.00000000e+00
  3.38873627e+02 5.03019928e+02 0.00000000e+00 0.00000000e+00
  0.00000000e+00 3.38139496e+02 0.00000000e+00 0.00000000e+00
  7.92398224e+01 0.00000000e+00 4.66379456e+02 0.00000000e+00
  3.64159393e+01 0.00000000e+00 0.00000000e+00 0.00000000e+00
  0.00000000e+00 0.00000000e+00 0.00000000e+00 3.40208679e+02
  0.00000000e+00 0.00000000e+00 3.15124702e+01 2.28451630e+02
  6.83617630e+01 9.96158676e+01 1.68650234e+04 8.26676712e+01
  3.03396271e+02 0.00000000e+00 0.00000000e+00 0.00000000e+00
  0.00000000e+00 0.00000000e+00 3.63215752e+01 0.00000000e+00
  1.97291122e+02 3.53868637e+01 0.00000000e+00 1.49053543e+02
  3.21580109e+02 0.00000000e+00 0.00000000e+00 0.00000000e+00
  0.00000000e+00 0.00000000e+00 0.00000000e+00 1.31927765e+02
  0.00000000e+00 4.99302002e+02 1.67117020e+02 0.00000000e+00
  0.00000000e+00 3.32846222e+02 2.61110535e+02 2.66637756e+02
  2.06569260e+02 0.00000000e+00 0.00000000e+00 0.00000000e+00
  0.00000000e+00 0.00000000e+00 3.11532227e+02 1.12652756e+02]]
	OpName : Ops.RELU
	Original : [[305.4954    84.923615   0.       174.80133    1.400517  68.12451
  300.97455  293.366     67.82067    0.         0.         0.
   48.385757   0.       328.64804   55.691387 310.4382    41.140423
  328.67212  183.15773  147.68022  310.40433  181.569      0.
    0.       810.78503    0.        47.490948 496.81314  368.27682
    0.       127.176674 339.25357  146.92769  227.53445    0.
  338.87363  503.01993    0.         0.         0.       338.1395
    0.         0.        79.23982    0.       466.37946    0.
   36.41594    0.         0.         0.         0.         0.
    0.       340.20868    0.         0.        31.51247  228.45163
   68.36176   99.61587  481.0232    82.66767  303.39627    0.
    0.         0.         0.         0.        36.321575   0.
  197.29112   35.386864   0.       149.05354  321.5801     0.
    0.         0.         0.         0.         0.       131.92776
    0.       499.302    167.11702    0.         0.       332.84622
  261.11053  266.63776  206.56926    0.         0.         0.
    0.         0.       311.53223  112.652756]]
 }

---------------------------------------
Done injections
